176
71
270
491
394
195
66
257
372
303
467
376
245
387
369
4
463
231
78
412
441
3
115
276
314
121
494
311
40
492
168
214
3
451
397
144
492
24
464
200
191
499
5
97
348
199
393
200
419
25
212
293
140
456
490
368
378
233
388
55
468
18
380
94
440
206
316
278
76
402
79
18
84
391
317
244
306
21
492
453
263
87
237
225
130
168
14
370
389
434
275
303
325
345
119
12
431
256
495
497
446
453
179
441
227
443
46
121
27
286
269
338
418
134
76
68
392
140
260
65
418
417
453
195
107
69
451
469
291
317
364
165
254
10
101
450
406
355
114
493
395
397
309
176
348
54
499
322
447
314
186
147
175
203
410
199
362
65
315
445
165
281
185
222
212
60
115
396
34
483
279
247
2
87
298
427
10
54
84
131
257
361
26
209
72
2
244
95
226
373
431
311
264
116
444
121
276
139
7
61
113
314
262
162
424
15
114
382
3
76
276
116
60
418
7
14
450
127
285
399
339
442
428
104
201
34
319
164
426
124
385
134
39
442
151
328
493
345
449
74
280
495
423
280
458
12
210
312
189
302
395
200
337
427
129
496
251
398
298
285
442
487
439
139
27
69
385
492
466
382
305
54
125
442
345
246
261
40
241
440
456
151
332
157
40
276
250
255
99
386
143
55
256
246
55
171
474
277
250
415
37
401
132
259
25
251
425
424
83
64
31
145
79
477
308
5
160
110
184
368
236
420
392
42
356
36
420
375
112
172
164
379
439
211
117
25
241
384
456
294
82
223
416
401
239
350
381
23
353
425
373
99
175
45
262
162
414
154
227
206
247
131
132
278
312
407
141
132
376
234
430
178
416
322
361
173
268
461
393
400
496
51
168
322
315
1
85
3
374
146
171
121
358
206
25
411
340
449
18
275
146
145
159
141
83
176
245
184
45
269
241
469
99
258
98
315
477
421
305
314
264
312
300
236
263
489
137
26
108
342
162
495
392
321
119
312
330
70
320
248
299
128
133
359
155
218
244
490
53
431
201
202
40
146
162
191
154
276
306
203
478
281
33
179
250
498
233
274
496
347
470
126
77
188
429
272
416
482
455
197
450
175
318
462
398
50
190
261
60
55
189
182
435
203
449
97
11
204
290
314
