883
4647
2768
809
3048
1938
4088
1314
4103
14
2743
2150
3120
1391
84
544
3099
836
198
4842
1901
4665
4822
1147
3968
3299
4012
3282
3088
3135
2482
1962
3746
4983
613
4498
879
2282
4975
3696
3806
3007
330
3425
2528
918
1967
271
1237
4947
2661
4072
3980
3432
3437
2103
4095
2341
4305
1161
2573
2415
1485
2230
4504
106
669
3369
4207
3284
3086
2470
2711
2048
3842
432
2442
4340
3843
4684
4457
1015
3704
557
4645
4002
3741
3684
737
3418
3580
1332
3196
1471
2402
776
2211
3773
1605
1402
867
4012
4873
3256
2508
798
362
4573
1537
2876
2787
2729
1611
389
421
4582
4958
477
4875
3936
3635
830
2874
224
2092
1853
678
1742
4006
187
704
3128
328
4454
4956
2291
3187
3996
1174
908
1602
1108
580
1852
3136
4552
3719
2142
376
1187
4091
670
3015
2635
2934
3912
543
2603
1093
666
4925
1896
986
1439
4682
70
3466
729
4662
2830
3243
154
1608
1078
578
1448
2394
869
4722
4546
4921
3561
4313
2827
2443
3327
1100
489
649
3726
2579
4930
2180
1481
3975
4781
1428
2767
3336
752
4691
3545
1132
3163
3903
2807
1465
1496
239
1143
715
478
741
2139
512
1177
4138
3358
3849
7
1223
2379
548
3929
3159
1025
2236
3788
2042
2831
1218
2739
4604
2056
3333
4963
4197
2627
2668
3043
2721
2931
540
1661
2615
3989
1726
3029
4511
3419
1008
174
3949
3868
3555
4179
4658
789
4724
1369
4353
3752
4292
1950
3495
3696
4698
1277
4067
758
4081
3850
2838
3259
4676
2468
700
3347
125
2628
2176
42
2269
4217
2830
1198
4645
3877
2593
1608
3387
3583
4629
1128
4225
2349
4814
1132
4504
4478
2680
3876
3130
1722
424
3342
444
3407
2263
2585
1138
2849
223
2304
2668
3556
4438
237
1086
369
776
2311
2174
2203
3065
1753
1742
1973
2775
1064
3322
1202
1966
4217
4931
2184
1621
565
274
4089
3829
235
3864
2184
4218
4848
490
3589
3618
3149
3914
3029
4635
44
1624
2129
3169
4080
3215
1512
1573
1521
3764
3044
1953
2321
2090
3286
1895
2550
2801
1431
682
3044
653
3837
4332
2958
4010
1038
526
4617
4388
1459
3998
4270
1125
4540
1178
1041
2456
3092
892
4562
2331
4329
4030
1720
1505
3554
2692
3357
4181
3277
1648
498
1971
1052
617
1247
2960
2659
1237
3631
1202
3441
2709
4886
2033
2201
1384
1248
2237
2540
47
3232
1481
3900
3944
97
4198
39
287
2701
2378
1310
2598
3495
3271
4145
1476
1559
720
514
2932
354
4190
4690
420
4690
3457
1036
4070
545
601
4812
3412
3638
3629
3042
4628
506
2010
585
2451
1506
2477
3447
750
1185
261
1881
3795
968
2047
2109
4942
3021
1908
1595
4456
2598
1328
1432
1249
176
3665
4136
422
2504
3184
2423
2686
4461
2868
4317
846
3449
913
3756
1756
1266
632
1847
41
761
1120
72
192
1405
4362
3750
3315
3085
2714
946
948
4489
4561
420
4161
1611
528
2055
4833
1576
1967
4981
4867
3909
1675
3208
2597
4263
677
3415
2026
3203
3367
1033
4389
3415
2834
3785
786
3283
3012
4845
2820
127
1293
1989
1697
3779
2552
4741
2057
941
1926
2519
4053
1266
4941
256
4005
1676
3360
3221
978
244
1537
4026
4666
2317
282
3206
753
1165
3376
3999
2428
1240
3720
1621
3122
202
2140
2542
3731
529
1710
1542
4530
2365
1061
3056
3831
3229
741
4709
1413
952
2969
3775
3266
4932
4236
2835
2613
2862
3333
3306
1321
102
1344
4866
1808
3390
4504
4557
1739
2808
323
870
77
3025
2247
4755
1168
4630
3392
4251
2007
1281
2467
2838
2978
856
4044
1147
1032
946
3620
3826
4431
2127
751
1375
2959
4691
2457
2599
4020
2966
3864
3499
4810
555
1493
4614
4243
91
4980
796
2028
1645
2187
4561
725
765
4552
4370
3079
622
979
4636
145
749
3738
2848
1491
1476
4610
2776
19
4703
3715
2217
2381
4422
3813
1116
3125
1584
3031
1274
2320
2344
366
2740
2496
3991
4242
29
3471
1342
4116
956
2579
4813
220
3185
96
1213
3736
3203
2435
4039
4022
652
3674
2983
4562
2803
1609
2856
4851
4539
239
3557
2063
4260
1431
3417
2935
3998
2466
4980
3502
4838
2058
4611
3043
3895
3930
195
349
2502
217
1225
2486
3617
1301
1201
4800
2036
395
3017
3156
114
3733
1848
1986
725
3597
465
299
1547
662
790
2210
4829
4682
2587
2705
2116
1709
1857
3751
3194
1224
4731
4631
587
3666
2536
1324
550
4729
693
3344
1827
3966
3118
4612
3611
4222
633
3098
407
893
2856
3838
2790
382
1345
3451
3494
4501
2051
993
4006
1133
3735
2316
4421
3941
2233
617
2923
4397
1409
1809
2203
4382
3291
2048
985
3375
4951
4479
662
2037
1621
2005
3204
1546
913
1572
1720
1742
670
4248
3412
4995
4587
4259
4982
3610
1255
179
3192
2251
538
381
788
73
2337
418
3284
2636
4405
4423
2076
4104
497
851
1533
2427
4662
3314
2518
4540
3998
3807
4384
3943
3473
4030
2575
1869
3382
1070
1688
4552
2706
1925
132
348
2518
3990
4840
1624
3392
750
941
1052
2209
3605
2354
4933
1246
3919
3764
2964
989
4482
3096
3476
2110
4658
4949
410
3363
1479
2305
4423
838
3296
4214
3617
646
1193
3392
4984
1021
3584
4901
2588
1440
790
202
3443
4372
592
1935
208
2577
2637
702
3655
182
1522
4525
1485
1058
2321
3100
1725
3410
3633
3709
3469
3339
2174
3593
2183
742
3617
4465
1523
3163
1378
2351
4658
3059
529
3337
2101
3678
677
2606
3836
2021
92
521
1226
1510
2641
1928
3742
4578
2707
1008
3948
3604
4321
3086
4810
8
1532
324
3239
3213
4653
4838
3229
680
1510
192
4839
4855
1349
2286
3646
2055
1954
2807
3542
3843
2857
1751
4453
1169
3275
3280
4259
2562
1215
1636
2628
14
694
2234
4339
4010
4484
2730
2961
3128
4042
3510
3595
4520
1265
4352
2153
2480
2041
1866
1155
4733
111
3278
4342
3901
4821
1378
3492
755
4411
2831
498
1006
4235
3831
2066
4007
3362
384
4609
1173
4587
3809
3283
4438
1941
1232
4346
2532
2797
2374
4390
3281
1862
3640
958
1809
2124
307
4372
539
953
186
151
4963
535
1711
618
3503
4795
3252
4786
1140
2627
2805
4389
2932
3702
1924
3381
4574
3593
2895
3579
2475
771
4146
3657
1312
3182
109
3376
3861
4661
4475
2144
72
2845
1262
1862
2967
60
81
4167
1937
3414
3884
2427
175
3047
4230
3789
4364
739
946
3679
4630
1480
560
450
3624
1285
2926
810
325
2204
451
4832
2307
674
945
1602
3538
3712
1797
1269
2695
2674
2083
4507
642
1532
554
3287
4608
973
4306
1564
1662
1667
973
2685
3011
3750
1281
4032
4688
4833
2105
284
4598
1666
1434
1194
3684
4811
641
2952
12
2513
2559
1007
1705
1634
294
4470
1352
20
1626
2015
1223
4304
799
1016
1646
1285
2538
1564
49
2072
7
1936
823
1465
3343
930
3578
4201
596
1306
4851
1056
1547
3541
873
196
4427
1182
3118
4219
768
3141
2950
945
4943
2180
4493
4821
3366
2652
4660
3902
3946
407
624
1091
1027
4846
903
4263
3056
4978
399
987
947
1959
1333
4678
360
2885
3823
2216
1431
896
1647
700
2516
3152
3764
4339
2943
3531
246
709
3733
4709
3102
2171
4970
1762
2752
792
4193
1458
942
3294
395
4531
3442
1044
311
4101
4391
2429
1331
3582
989
2108
472
3797
2191
2043
2123
1964
827
4035
3277
3503
933
1038
1329
2338
3008
336
1357
2462
2626
1148
127
811
2755
4987
3197
3754
3546
4231
1265
3545
4572
2998
2215
1370
4514
233
1869
3501
757
1564
4310
2153
521
1216
4386
4530
3395
2492
2374
4340
249
875
3755
4981
3468
1142
3990
3641
3252
1258
4251
751
4777
1364
1367
2697
2249
4345
4817
3161
3682
890
2971
3886
6
2477
3595
1542
3790
1303
3896
205
2285
3053
4004
396
698
1049
877
4085
3737
4369
4383
314
2215
172
1834
4958
319
406
3411
3435
4886
4963
1329
4994
1823
1400
2583
4530
4436
141
1833
759
995
4358
4708
2028
56
1401
1127
3731
2756
4450
3808
1904
2458
473
2364
2814
4802
3885
3047
553
1316
1707
2828
4139
3122
1334
2618
1322
2706
2
1227
4534
1719
4948
4017
1880
3235
4681
2455
574
4443
1207
898
2700
1591
208
4851
1412
108
250
2201
3278
4064
724
1727
2042
2210
3324
3296
4610
3651
3323
930
1821
3189
3873
1150
4462
4126
4149
523
4835
2801
461
3313
4921
2153
3212
1297
3453
2819
161
2030
3622
4055
1076
4583
702
3138
1435
669
2382
1988
395
3668
2625
3793
986
1527
2249
3245
1753
1268
3198
2081
3376
4953
565
1149
2017
4258
3077
489
1782
2673
1572
4244
4782
1664
4872
3744
1890
1653
3770
1928
3190
2243
53
3854
3635
993
2837
3509
2554
2745
4354
1400
1347
2807
1523
3982
1395
4747
3271
4147
2724
2958
1198
2732
3566
1885
1183
3582
2403
2893
379
4259
2601
3843
974
4402
2144
2054
3510
2146
315
4900
1731
1643
2963
3222
2983
3848
4215
1976
639
77
2760
4641
3879
2386
3217
3371
3708
4377
4388
776
4787
2754
3086
1433
1575
4527
1029
1388
4664
4366
4608
618
4950
2012
4732
1185
732
16
872
1917
42
4347
4814
1806
3043
3266
370
1310
286
3197
3606
4961
2239
4176
332
4593
3429
4011
2109
3134
4295
3583
1790
2542
1167
1704
2530
4438
1336
3322
1978
4461
3356
2849
2130
4801
2382
4673
1245
4673
4343
718
1928
2246
2340
1137
1308
3391
404
4536
245
4272
934
3513
2079
1973
17
691
4521
2072
1622
2720
314
3989
936
2859
4255
3519
444
1346
4286
1865
3947
2752
1997
2051
2452
1922
2756
1574
1894
2395
2729
4438
2652
3047
3626
435
4521
2512
332
2428
4282
1481
3586
297
4371
3756
18
4138
1129
3882
1642
4954
3135
4695
3408
4130
4348
2086
3958
2515
146
2209
4540
4708
3554
3549
4968
1020
3698
4293
1576
4124
488
246
3088
3468
584
1842
263
2640
25
4244
4012
2295
1270
870
4230
2376
3913
2618
3753
1642
242
652
4020
2046
1765
1624
3671
2811
2905
117
105
1926
4028
1093
1400
867
1412
4440
1762
1244
1648
2660
1096
1093
757
1387
251
4082
2741
4057
3718
678
130
4977
3051
2849
3681
659
3633
2916
3713
1755
1667
2372
3938
1289
1932
3073
3994
393
4815
2970
4818
559
4595
4295
3600
369
1867
291
94
2048
4251
4444
2783
467
494
2152
3218
138
997
1453
1919
3981
3114
2612
822
4271
3338
4235
287
4722
3913
607
2588
3128
4104
4723
370
3867
2473
3375
1206
3442
4931
1095
277
4168
2169
3158
4636
3730
4132
616
1854
469
2025
4409
4372
3154
885
3661
3742
2504
2629
4077
1656
1972
435
2995
2744
4150
2482
3938
1899
187
1010
460
7
1603
2991
2153
1299
143
3044
1170
3955
641
2869
815
4704
1871
274
2235
2404
1909
2791
3698
4043
1038
3312
2283
4541
967
378
4944
2784
1600
1901
407
2290
175
941
901
4771
867
2168
2614
4449
3035
2058
3555
3006
193
2196
480
1060
2286
2067
2777
4601
3458
140
3752
645
3776
3989
582
1120
2404
783
3476
2929
4338
2776
3076
4033
3525
3676
4825
4653
2736
1300
2127
466
2860
1095
3873
1443
3287
836
1381
4967
437
1722
46
3894
3126
2854
590
3497
1580
2156
4374
1225
1774
1569
3187
2199
742
1197
4319
4275
2220
3086
513
2584
989
3727
3321
2557
3628
4231
2821
1871
2810
1478
2705
2545
2181
1219
4734
4526
4275
3624
850
2005
2425
3303
3711
4306
4916
798
1987
3382
1251
2589
1820
2989
2839
2865
597
1757
1712
2113
346
134
3710
4317
1812
2613
97
2654
441
1770
1157
216
1779
394
1229
276
939
839
3226
3203
4922
138
73
4933
4716
4115
4031
1743
2713
2719
4537
3395
2793
3257
2140
3466
4444
1587
13
2068
4363
4267
2847
3879
1462
4251
2767
734
2691
1784
1237
289
2136
4628
17
226
1045
4967
3880
2712
3825
1456
1290
892
2871
1266
768
4793
3996
3506
1319
4344
2384
236
3548
1329
1007
2053
2323
1391
811
3323
1216
3090
1944
2376
1873
2080
1451
1814
4014
4733
672
4220
2806
4278
2086
350
3815
3550
4793
1636
2346
4960
437
2313
576
2611
2809
3035
1141
2931
2159
4506
928
36
3783
2193
2076
2666
4075
4074
2574
220
2434
1694
3962
3038
1436
282
917
4550
3799
3981
41
4934
3356
2918
4569
4768
4417
2242
3641
1928
4924
3458
1200
2227
336
4260
309
2485
3143
2608
283
4776
2237
891
1107
240
4268
1200
140
4764
3145
466
4666
1815
2659
2678
1936
3116
363
3373
51
1800
4780
1272
3556
3401
2209
1460
4113
3557
4565
2917
754
2085
771
2926
3243
2768
3018
486
2514
4356
2877
3342
4167
4591
1949
2919
1115
739
1747
1945
1534
4256
3669
423
3793
1956
1148
2966
3957
3270
1544
4667
4422
3192
2105
3500
3663
1850
1771
4118
4763
1490
1932
4814
3173
4634
1246
924
2005
4234
2308
2194
4384
996
2474
4530
3042
1831
3109
413
1539
1523
3140
320
4011
4035
4314
1960
4515
4097
1873
2998
314
2867
981
4646
4368
3683
1114
4137
2851
3212
1306
4699
763
208
3615
1695
1948
1671
3393
102
4632
2305
837
78
518
3325
3115
1311
1819
138
3250
4697
2291
2090
378
3633
300
4343
429
1322
3960
2277
3019
4104
2573
3607
248
3768
2330
686
1748
2788
1504
2620
3720
1755
1538
3663
3152
860
1531
2537
2009
170
3707
1060
2807
2059
4997
4786
3411
4419
4272
3242
2913
2686
1048
159
3082
4611
200
3202
1306
2612
4991
4368
4767
4793
1468
4775
3228
2924
3351
1993
2394
4551
1117
1491
386
1313
2775
560
3409
2768
304
1574
4624
241
1241
3986
1223
4283
2083
3143
3838
4561
1152
1945
224
2854
527
4168
3124
3650
1114
2016
2737
1139
3181
2573
2109
895
4966
1548
1482
4101
1459
4029
4966
3468
2236
3021
3629
3699
3758
3015
733
2424
817
2666
2510
3132
119
3006
4484
1011
3098
4704
4402
1105
2152
637
637
1824
3021
3203
2682
1831
958
1867
3253
4508
3189
491
2823
505
2590
136
1514
4868
2061
3856
133
313
129
4013
583
1507
3905
2990
4729
4767
394
2672
1717
2201
3594
2113
3357
2344
3668
4717
1089
2492
4568
2145
4753
4592
3222
2477
4155
1474
2335
4111
1273
2664
921
4050
42
4445
453
1414
2971
3568
2942
905
2538
109
1343
4490
2223
893
2129
3390
528
3841
753
2260
4031
3484
3339
3387
4689
3782
2069
819
718
4524
793
200
2249
4933
4000
4707
1987
1616
4152
4468
3128
969
1018
2514
3277
3842
2314
3626
795
166
2836
3494
4901
4129
903
1468
4851
1291
3729
3615
1697
4179
2607
3644
2135
4040
4519
4787
4005
4539
3220
3485
738
344
2261
3724
2881
3563
3931
4734
289
4384
4132
3771
1112
3739
2281
3926
4259
1941
3840
4097
3076
416
4639
2040
3553
4426
4222
4328
3773
1821
959
648
109
4439
2749
3677
4769
637
4926
4284
1596
1730
359
2009
290
3262
1018
1828
910
3081
1278
651
4981
2991
1548
1050
2818
2326
2073
1455
4015
1050
2741
1162
773
2809
1350
705
3144
3698
665
2043
561
3577
4407
1682
1281
973
344
1539
4871
1915
4871
4418
1127
2851
3914
3958
4912
3528
2588
67
1111
3886
1880
1527
1053
1595
964
4884
2882
1999
1768
4668
4196
3856
2674
667
2744
3574
1071
3606
2163
3198
2407
4961
1462
1138
1254
4078
4156
2997
899
4394
3362
1109
4063
3577
3290
2081
1923
2754
3651
745
2974
469
2096
2748
1802
4736
3363
1996
3874
4577
2662
4655
2874
1254
582
2943
2659
3792
4597
4969
3049
1198
546
3979
3147
1294
4407
4238
1295
3950
2199
770
3911
872
2778
401
3740
2324
4798
3363
2389
2216
1964
1401
1588
1299
2804
918
3085
2431
3093
1567
4980
2844
1885
4268
1258
1233
4466
1670
4636
1293
2491
3832
4944
2892
1221
1434
4580
2957
1526
4016
2853
1760
2552
1329
1665
3549
4362
2979
633
2015
4945
4188
1079
3960
702
4660
2960
4246
1909
1006
3237
619
897
1421
1276
474
263
1771
1990
589
1253
981
2925
3812
2702
4498
2972
4664
510
1746
4755
1437
3461
699
1549
1381
4913
935
1823
2178
1924
4042
1936
1643
1535
1231
2136
3736
1562
849
3318
3441
4521
1679
2337
4224
2804
1601
3371
823
3795
4967
3693
1324
1236
2705
2051
4737
3683
3297
1622
3271
3132
4333
1063
4107
3824
4160
1046
3025
4882
2912
1880
3493
4749
442
1910
3728
3060
2377
1360
511
3589
2678
2445
336
787
4978
3509
4086
4366
4358
4910
1892
2513
1131
1256
3189
4912
2086
2813
2625
1948
3275
4735
4076
4893
2194
2096
3201
499
4991
736
1132
4504
4275
359
2269
2837
4416
4192
1849
752
2210
4349
730
959
1825
109
3726
4195
2523
3071
4293
908
439
945
244
1309
3891
3537
974
2644
2526
2063
4522
241
4746
1550
536
4367
3066
4662
4901
4292
2986
1007
4087
993
2131
2635
4642
3110
4997
4144
1376
4430
55
3200
3047
3689
954
3512
780
212
3683
210
3053
3082
3112
4014
4676
2557
1194
540
552
3797
2432
4047
3230
2540
2212
4918
12
795
3359
3748
1822
4349
1503
2642
1722
982
1737
3438
4445
4175
1946
1403
4632
3289
4895
204
318
3899
652
3949
4036
554
4809
2401
4179
4507
3537
4682
626
1384
4812
4312
4067
4949
4565
1921
2896
1495
4421
2809
3871
4016
302
4182
1001
209
4636
4539
1448
1908
3301
3719
2598
1356
1210
4585
682
4291
1789
2891
6
1088
834
4072
460
1852
4106
1170
1351
4799
995
3244
53
892
1731
4337
3570
453
1899
3200
4912
132
3489
3861
2034
2376
2493
2389
1504
4984
4165
4021
3229
4335
1148
2430
2620
884
3925
329
1449
4428
3525
724
4092
3335
2950
87
4447
1444
2856
4094
2217
4041
4115
2970
4820
139
1647
2702
1552
1446
3540
1011
4666
4705
6
4929
687
4986
3727
4786
2827
762
3192
4836
4303
1508
4867
4492
2174
2959
776
4105
4792
1981
1751
3796
4759
1023
4413
3098
3671
432
263
2539
2707
3027
4707
1938
3690
4489
2847
3857
4993
2539
2833
3905
3554
768
3461
4867
3177
2171
733
574
2623
837
2234
4261
2808
4234
4737
3508
3735
403
2169
4023
978
2975
3593
3319
2320
2854
2223
2858
1054
860
4538
4430
1
2959
4393
4962
4701
869
3228
1944
4868
1292
3016
4347
2531
1407
2145
2337
598
3218
4111
4197
860
2611
867
3692
3365
1725
3931
1385
1431
2626
4417
463
216
124
1962
4955
4806
1568
1082
3868
4379
903
4100
3736
4972
4810
3119
1508
1632
1866
1933
1223
3485
3290
4133
1780
3309
2257
3576
1002
4809
240
4704
3649
3956
3660
2205
163
2616
2576
4825
2845
4606
4482
3979
2489
2750
2592
1977
1889
2991
487
550
858
4912
456
4579
371
885
767
3874
4544
1237
4273
3445
2791
2264
3714
4653
4862
4974
3425
2319
2487
3131
4304
96
1538
4799
2083
4937
1581
609
1372
1606
922
4979
457
817
4533
2032
3891
1916
1313
4498
2396
3819
438
3569
2548
807
3464
2126
1015
2678
3135
1749
4134
1072
2687
1801
2985
3685
1188
4961
4670
1458
3219
3656
1945
371
1263
1922
360
2346
3343
539
442
3333
345
1226
971
734
1277
2098
2886
4428
2056
4001
1976
3046
1956
2680
2661
4832
4936
3731
2897
1438
3657
3100
1541
4821
1037
1152
3515
849
2567
299
1512
3073
2364
3647
510
695
857
3039
2683
1739
2279
2905
161
4951
1612
4090
1315
1165
3375
2972
1672
869
4816
3971
2191
835
1738
69
2856
1381
3646
4839
1267
1402
1988
3172
1751
1469
240
3976
3153
177
655
1675
4574
3031
1365
1354
4279
562
1509
4271
1209
884
3476
552
1741
1081
3546
789
4442
1009
390
387
3133
2187
2596
2525
843
4061
822
291
3507
3360
1445
1802
2283
2936
4722
2947
4589
2626
1213
1232
2261
1398
1536
2032
3250
4803
2146
4644
1686
666
3268
2578
2828
2610
3841
4071
3942
1642
4414
4370
4039
2782
4540
1011
883
4057
734
898
3209
3529
2739
4796
2299
903
2434
3935
2410
37
1949
3263
528
395
1980
2250
4675
3602
1790
2061
1563
1577
4414
2866
3209
710
1504
345
2195
732
1446
4722
4952
1154
2668
4221
725
2405
1636
3009
4417
4548
3583
4953
2579
4161
337
2437
3590
1631
3856
108
4535
3686
328
4134
1451
427
3013
3008
2671
3813
3911
57
2989
1275
259
4209
2967
2705
4244
1730
1052
3938
1805
2678
1428
4559
4049
3152
1978
5
3185
1518
2685
2108
1010
388
290
1859
593
3692
2338
2225
1299
1513
3524
1735
3237
1204
1735
2842
188
4501
4509
244
914
3027
1911
2626
3511
1958
4177
2464
2840
3505
2
2719
1526
4622
4523
753
3269
882
1681
1756
2895
1303
4593
3074
1973
1368
4023
4570
1945
4007
218
2702
3299
3250
119
2421
3966
1917
1233
4403
2670
3849
4418
373
1569
2793
4169
2025
823
4901
2592
201
4943
2495
3672
936
1471
4635
291
3533
4975
2244
3038
1293
4947
2002
1097
2597
3508
3439
2397
1388
3153
1432
2712
743
4391
3345
976
4367
1138
3273
1314
2037
2543
4389
2933
1957
3384
1240
744
120
2842
1832
685
1107
1511
2604
4033
1925
739
809
4120
3534
4757
3292
4506
2539
2148
2930
1452
3479
371
67
1404
3907
771
2116
2085
3453
1363
2444
4594
4958
3302
1598
2427
2605
3098
686
954
3442
1504
319
2137
293
4669
3240
4609
4317
1364
551
2561
2100
3701
2141
2737
3823
3478
3234
3322
236
1853
2105
205
3324
4887
556
1764
528
432
34
1697
384
2167
3605
2505
4349
4061
2536
2708
1656
747
2645
427
20
3365
2493
1479
1591
94
3257
1162
918
3753
3261
924
3246
529
612
1141
3158
1630
2407
4137
3977
3844
1654
1565
2267
4474
2545
3565
3817
3588
2656
759
3586
3214
2391
151
2940
4565
2653
4384
2951
2987
4076
4908
1295
3847
3747
769
1189
3175
4334
696
4252
4003
3887
4450
4657
3511
3494
4561
4123
1293
4788
2280
4250
1500
2365
2320
3541
3249
892
3264
2027
3240
4048
1985
2891
591
3332
1243
991
4495
461
1863
531
3608
2628
611
4988
2768
2107
235
2939
4064
644
2698
800
4652
645
3316
4420
1292
3424
399
2510
1187
3935
990
4351
163
1141
2033
2082
4163
3471
189
1707
687
4001
739
1024
4946
341
2680
188
963
302
3753
3328
2105
2738
1392
501
2963
1134
3983
1821
3713
3220
2256
4575
417
4160
4294
344
2807
2840
2228
4439
1740
1793
3816
4497
4801
158
3532
595
360
3436
3265
758
1999
753
3696
21
2771
426
3334
722
1101
4132
4626
4702
2939
1970
4967
3151
1701
4237
1641
1539
4570
1522
2310
707
1855
2653
1810
2116
4636
4347
726
775
3467
1037
3895
2591
2286
3072
4158
930
2083
3617
3570
2945
3086
4871
2086
1186
2796
3689
2807
4637
4903
1518
871
4467
67
1979
3359
2369
1347
1758
965
2237
4377
3034
3809
1256
4649
348
4717
2553
2696
2681
2465
3739
2678
274
4897
1628
2805
2808
2220
3910
237
1922
760
4619
2206
3381
1135
689
4857
2387
4872
941
4187
1868
2100
2788
3831
3281
4030
4388
1047
3808
4582
2072
3791
2145
714
4115
4814
3374
1337
628
4378
697
4118
1792
1886
3048
2501
2758
4034
2932
2797
4347
4152
3904
1554
4678
1582
3540
4494
397
3597
3448
2155
3486
3045
3702
1591
1042
2594
1624
1405
123
2848
3089
852
1487
2190
2872
2910
204
3650
1374
2703
3987
329
753
192
370
481
3137
727
401
1941
3415
877
3303
2396
3174
1787
4420
3654
9
954
3254
740
4324
1318
4042
1131
4335
4294
744
1717
4269
3290
618
3540
4651
2321
2133
619
307
1071
4245
1924
168
3247
719
831
1460
3283
4783
4189
957
4453
3442
1986
1295
1488
4942
3992
547
1600
4910
654
364
939
1642
245
2002
4890
2579
1450
560
4240
1931
2028
3416
3150
235
3516
958
3321
2454
3300
1345
1345
835
934
3430
390
112
3570
4031
3633
4809
4803
1441
2556
2504
3598
1939
4607
1527
3200
4178
1056
4129
2212
3553
4014
4294
1837
478
3362
589
1686
728
3531
2452
4124
4300
1797
2210
412
3863
4333
3118
3526
2174
4547
4945
846
1977
3060
1645
219
2798
794
2697
1477
2881
1715
157
1848
3089
1827
864
1904
1230
407
3113
1127
3775
4535
3962
2714
4664
119
3032
789
4648
3498
3407
886
2056
3548
1603
4421
2719
1666
233
4669
3491
1064
3387
4015
1939
3527
523
4580
1599
3416
47
997
1849
1234
3018
2697
61
916
468
194
2170
3527
4127
2364
4197
4155
2458
1075
2291
645
3283
1120
3396
4338
2333
1775
223
4090
3554
3361
1568
3979
169
3313
319
3265
2096
748
4362
2647
1685
2442
162
3045
1430
452
2835
3351
881
97
3452
3101
2693
1569
1623
4332
4351
2876
2915
2704
3097
808
3212
4044
1860
2950
2892
192
3759
4696
51
2062
2216
1081
3514
4129
2238
3745
1718
66
4529
219
1687
1920
3154
4772
4792
2571
2484
3578
1689
2557
1628
4927
4247
2030
4948
3633
2734
1643
66
4552
4437
2619
4456
2307
3319
2125
93
4855
4186
1712
1561
965
3912
73
2589
1846
3475
283
3480
3757
3374
4726
1023
4754
1158
2086
2892
79
207
4223
1335
2920
4291
4874
1970
3188
4661
2455
3197
3818
4068
1271
4187
74
179
1188
2100
1650
1925
879
4785
2161
3485
166
4582
1156
3444
4808
4937
810
2644
4494
2185
3045
4769
760
4753
1232
536
481
1564
735
1847
1369
3931
3864
1555
2357
3034
2149
2049
3316
1640
3106
3692
968
2453
4409
4333
1679
2350
103
257
4174
3331
2114
788
3713
4858
3194
2779
3857
4541
690
4151
2026
1606
330
1693
2640
26
1865
3587
734
4523
1436
1661
3498
1720
1037
2205
4496
1927
2234
3129
2466
4443
1796
3623
809
1625
1176
4531
2122
1083
606
2976
3096
207
3707
4701
4089
2114
965
1239
3496
206
2570
3485
255
3667
3910
4553
2823
754
4983
1522
886
3148
4846
3614
3043
1736
4309
1188
2424
1356
1623
2007
1181
235
16
4407
3725
4813
2427
1514
3863
2332
4874
2544
1324
1522
2821
4284
4007
1464
2738
3326
3062
2810
4485
4853
860
774
4620
1818
2904
539
1650
3487
2325
4414
3654
3447
1551
1623
1903
2599
191
2922
3054
946
2379
378
3872
2210
1229
3360
3318
3890
262
1993
1603
1921
527
533
1602
1896
3140
3555
1954
837
2294
4299
375
760
4395
2444
3205
4770
3579
555
3067
4294
3098
3941
682
656
3701
2131
3049
2458
3531
268
2983
3197
2521
3658
2308
2451
2266
2954
2987
4115
3025
1286
1736
4191
4693
3176
3290
2472
2160
2316
2389
3497
771
4000
4400
4472
1250
1384
142
4217
1679
3137
3154
4333
3054
3632
2036
4456
3197
2171
3562
1639
2629
452
2813
3384
3081
2230
4762
4228
2554
120
1513
3551
3916
1183
3253
1417
4705
4529
384
3964
480
995
3754
4653
442
731
3663
288
4528
1538
3595
3629
1140
3793
3674
1431
3227
4708
3279
986
1132
1620
1217
308
2848
2079
893
2228
4310
3602
4788
1727
2585
734
1931
2898
1248
3336
3505
2082
2738
1971
1144
1471
1987
3056
3595
4111
64
3765
1136
1478
1507
1972
2825
4219
1195
2242
2525
3183
2460
1976
1839
6
4182
1518
4352
2655
2340
611
4469
2264
564
4106
2207
4019
4350
4806
3619
53
1202
1125
2622
2773
67
179
4775
1122
2618
3678
4289
1588
4192
1694
3867
1621
2787
4951
3101
1193
3132
135
1153
3688
291
2819
2916
444
2040
1302
920
4021
4863
4785
3143
4194
2327
4821
2574
3643
3743
1445
963
1458
509
2129
4101
4175
13
1717
287
1218
898
3257
464
1828
1860
2193
2194
126
3278
3741
1092
1659
4098
2619
247
2378
3148
839
4666
595
3384
1092
42
3066
4056
429
3657
2833
3174
2613
4129
96
2355
2692
3245
3176
3578
4114
1413
862
3875
3070
1845
2107
4543
480
3400
3751
4117
4757
2502
101
672
2920
4119
4858
3981
3693
963
3359
3636
1865
1464
2934
2778
3253
2782
1394
2664
1362
3154
4231
4429
1814
1253
3680
1987
4844
4209
4095
3984
1370
3407
3951
2587
4364
1136
1661
3552
2125
3550
2117
4530
510
4430
2185
4084
2527
245
2892
2988
2035
4668
4157
509
2528
4833
2423
2520
2243
499
4173
4902
2114
3594
1627
4997
563
3216
1063
3444
1619
4856
2687
4268
2744
1818
2060
989
4815
4728
307
1690
4834
856
2628
2274
505
4069
3468
3452
1361
852
4613
662
3546
4785
4494
1738
4403
3892
2453
1302
3664
2572
1736
3078
